  2.28611111 
  2.28611111 
  2.28611111 
  2.28611111 
  2.28611111 
  2.28611111 
  2.28611111 
  2.28611111 
  2.28611111 
  2.28611111 
  2.05722222 
  2.05722222 
  2.05722222 
  2.05722222 
  2.05722222 
  2.05722222 
  2.05722222 
  2.05722222 
  2.05722222 
  2.05722222 
  1.29333333 
  1.29333333 
  1.29333333 
  1.29333333 
  1.29333333 
  1.29333333 
  1.29333333 
  1.29333333 
  1.29333333 
  1.29333333 
  0.61777778 
  0.61777778 
  0.61777778 
  0.61777778 
  0.61777778 
  0.61777778 
  0.61777778 
  0.61777778 
  0.61777778 
  0.61777778 
  0.46750751 
  0.46750751 
  0.46750751 
  0.46750751 
  0.46750751 
  0.46750751 
  0.46750751 
  0.46750751 
  0.46750751 
  0.46750751 
  1.09309309 
  1.09309309 
  1.09309309 
  1.09309309 
  1.09309309 
  1.09309309 
  1.09309309 
  1.09309309 
  1.09309309 
  1.09309309 
  0.81264292 
  0.81264292 
  0.81264292 
  0.81264292 
  0.81264292 
  0.81264292 
  0.81264292 
  0.81264292 
  0.81264292 
  0.81264292 
  0.81264292 
  0.81264292 
  0.81264292 
  0.81264292 
  0.81264292 
  0.81264292 
  0.81264292 
  0.81264292 
  0.81264292 
  0.81264292 
  0.63487794 
  0.63487794 
  0.63487794 
  0.63487794 
  0.63487794 
  0.63487794 
  0.63487794 
  0.63487794 
  0.63487794 
  0.63487794 
  0.63487794 
  0.63487794 
  0.63487794 
  0.63487794 
  0.63487794 
  0.63487794 
  0.63487794 
  0.63487794 
  0.63487794 
  0.63487794 
  0.51902760 
  0.51902760 
  0.51902760 
  0.51902760 
  0.51902760 
  0.51902760 
  0.51902760 
  0.51902760 
  0.51902760 
  0.51902760 
  0.51902760 
  0.51902760 
  0.51902760 
  0.51902760 
  0.51902760 
  0.51902760 
  0.51902760 
  0.51902760 
  0.51902760 
  0.51902760 
  0.40749373 
  0.40749373 
  0.40749373 
  0.40749373 
  0.40749373 
  0.40749373 
  0.40749373 
  0.40749373 
  0.40749373 
  0.40749373 
  0.40749373 
  0.40749373 
  0.40749373 
  0.40749373 
  0.40749373 
  0.40749373 
  0.40749373 
  0.40749373 
  0.40749373 
  0.40749373 
  0.30714286 
  0.30714286 
  0.30714286 
  0.30714286 
  0.30714286 
  0.30714286 
  0.30714286 
  0.30714286 
  0.30714286 
  0.30714286 
  0.30714286 
  0.30714286 
  0.30714286 
  0.30714286 
  0.30714286 
  0.30714286 
  0.30714286 
  0.30714286 
  0.30714286 
  0.30714286 
  0.25555556 
  0.25555556 
  0.25555556 
  0.25555556 
  0.25555556 
  0.25555556 
  0.25555556 
  0.25555556 
  0.25555556 
  0.25555556 
  0.25555556 
  0.25555556 
  0.25555556 
  0.25555556 
  0.25555556 
  0.25555556 
  0.25555556 
  0.25555556 
  0.25555556 
  0.25555556 
  0.25555556 
  0.25555556 
  0.25555556 
  0.25555556 
  0.25555556 
  0.25555556 
  0.25555556 
  0.25555556 
  0.25555556 
  0.25555556 
  0.25555556 
  0.25555556 
  0.25555556 
  0.25555556 
  0.25555556 
  0.25555556 
  0.25555556 
  0.25555556 
  0.25555556 
  0.25555556 
  0.25555556 
  0.25555556 
  0.25555556 
  0.25555556 
  0.25555556 
  0.25555556 
  0.25555556 
  0.25555556 
  0.25555556 
  0.25555556 
  0.25555556 
  0.25555556 
  0.25555556 
  0.25555556 
  0.25555556 
  0.25555556 
  0.25555556 
  0.25555556 
  0.25555556 
  0.25555556 
  0.25657778 
  0.25657778 
  0.25657778 
  0.25657778 
  0.25657778 
  0.25657778 
  0.25657778 
  0.25657778 
  0.25657778 
  0.25657778 
  0.25657778 
  0.25657778 
  0.25657778 
  0.25657778 
  0.25657778 
  0.25657778 
  0.25657778 
  0.25657778 
  0.25657778 
  0.25657778 
  0.30666667 
  0.30666667 
  0.30666667 
  0.30666667 
  0.30666667 
  0.30666667 
  0.30666667 
  0.30666667 
  0.30666667 
  0.30666667 
  0.30666667 
  0.30666667 
  0.30666667 
  0.30666667 
  0.30666667 
  0.30666667 
  0.30666667 
  0.30666667 
  0.30666667 
  0.30666667 
  0.30820000 
  0.30820000 
  0.30820000 
  0.30820000 
  0.30820000 
  0.30820000 
  0.30820000 
  0.30820000 
  0.30820000 
  0.30820000 
  0.30820000 
  0.30820000 
  0.30820000 
  0.30820000 
  0.30820000 
  0.30820000 
  0.30820000 
  0.30820000 
  0.30820000 
  0.30820000 
  0.38333333 
  0.38333333 
  0.38333333 
  0.38333333 
  0.38333333 
  0.38333333 
  0.38333333 
  0.38333333 
  0.38333333 
  0.38333333 
  0.38333333 
  0.38333333 
  0.38333333 
  0.38333333 
  0.38333333 
  0.38333333 
  0.38333333 
  0.38333333 
  0.38333333 
  0.38333333 
  0.38180000 
  0.38180000 
  0.38180000 
  0.38180000 
  0.38180000 
  0.38180000 
  0.38180000 
  0.38180000 
  0.38180000 
  0.38180000 
  0.38180000 
  0.38180000 
  0.38180000 
  0.38180000 
  0.38180000 
  0.38180000 
  0.38180000 
  0.38180000 
  0.38180000 
  0.38180000 
  0.30666667 
  0.30666667 
  0.30666667 
  0.30666667 
  0.30666667 
  0.30666667 
  0.30666667 
  0.30666667 
  0.30666667 
  0.30666667 
  0.30666667 
  0.30666667 
  0.30666667 
  0.30666667 
  0.30666667 
  0.30666667 
  0.30666667 
  0.30666667 
  0.30666667 
  0.30666667 
  0.30564444 
  0.30564444 
  0.30564444 
  0.30564444 
  0.30564444 
  0.30564444 
  0.30564444 
  0.30564444 
  0.30564444 
  0.30564444 
  0.30564444 
  0.30564444 
  0.30564444 
  0.30564444 
  0.30564444 
  0.30564444 
  0.30564444 
  0.30564444 
  0.30564444 
  0.30564444 
  0.25555556 
  0.25555556 
  0.25555556 
  0.25555556 
  0.25555556 
  0.25555556 
  0.25555556 
  0.25555556 
  0.25555556 
  0.25555556 
  0.25555556 
  0.25555556 
  0.25555556 
  0.25555556 
  0.25555556 
  0.25555556 
  0.25555556 
  0.25555556 
  0.25555556 
  0.25555556 
  0.25555556 
  0.25555556 
  0.25555556 
  0.25555556 
  0.25555556 
  0.25555556 
  0.25555556 
  0.25555556 
  0.25555556 
  0.25555556 
  0.25555556 
  0.25555556 
  0.25555556 
  0.25555556 
  0.25555556 
  0.25555556 
  0.25555556 
  0.25555556 
  0.25555556 
  0.25555556 
  0.25555556 
  0.25555556 
  0.25555556 
  0.25555556 
  0.25555556 
  0.25555556 
  0.25555556 
  0.25555556 
  0.25555556 
  0.25555556 
  0.25555556 
  0.25555556 
  0.25555556 
  0.25555556 
  0.25555556 
  0.25555556 
  0.25555556 
  0.25555556 
  0.25555556 
  0.25555556 
  0.25555556 
  0.25555556 
  0.25555556 
  0.25555556 
  0.25555556 
  0.25555556 
  0.25555556 
  0.25555556 
  0.25555556 
  0.25555556 
  0.25555556 
  0.25555556 
  0.25555556 
  0.25555556 
  0.25555556 
  0.25555556 
  0.25555556 
  0.25555556 
  0.25555556 
  0.25555556 
  0.25555556 
  0.25555556 
  0.25555556 
  0.25555556 
  0.25555556 
  0.25555556 
  0.25555556 
  0.25555556 
  0.25555556 
  0.25555556 
  0.25555556 
  0.25555556 
  0.25555556 
  0.25555556 
  0.25555556 
  0.25555556 
  0.25555556 
  0.25555556 
  0.25555556 
  0.25555556 
